50

1 12 4 7 
5 6 2 3 
13 9 8 11 
14 15 0 10 

10 5 7 6 
0 3 2 4 
9 1 15 8 
13 14 12 11 

1 0 2 7 
6 9 10 3 
5 13 4 8 
14 11 15 12 

9 2 1 3 
13 7 6 4 
11 10 14 12 
0 5 8 15 

1 3 6 4 
5 2 0 8 
9 14 15 13 
10 7 12 11 

5 1 6 2 
9 4 0 11 
14 13 8 7 
10 15 12 3 

1 0 8 6 
5 9 2 3 
13 15 10 4 
14 11 12 7 

5 1 7 0 
2 9 3 10 
4 6 11 8 
13 14 15 12 

6 1 2 3 
7 9 8 4 
14 0 13 12 
10 5 11 15 

2 5 3 6 
0 7 1 4 
9 11 15 8 
13 10 14 12 

5 1 3 4 
13 10 8 2 
9 6 12 0 
11 15 7 14 

1 0 15 8 
6 2 4 3 
5 9 12 7 
13 14 11 10 

5 3 7 6 
0 1 2 4 
9 13 12 8 
14 15 11 10 

6 5 1 7 
0 9 11 3 
2 14 4 8 
13 10 15 12 

6 7 2 3 
5 14 0 4 
10 11 8 12 
9 13 1 15 

1 2 3 4 
5 6 0 8 
13 14 15 10 
9 7 12 11 

6 1 2 3 
5 9 4 11 
13 0 7 10 
14 15 8 12 

1 9 8 0 
5 2 3 6 
13 12 10 4 
14 15 11 7 

2 5 6 11 
7 1 4 3 
13 9 15 8 
0 10 14 12 

10 1 2 11 
6 9 3 7 
5 0 13 4 
14 15 12 8 

6 5 2 3 
13 7 1 4 
14 11 8 12 
10 9 0 15 

5 1 3 4 
9 8 2 13 
6 0 7 15 
10 14 12 11 

1 2 12 7 
0 5 4 3 
9 10 8 6 
13 14 15 11 

5 3 7 4 
9 1 6 2 
13 0 15 8 
10 14 12 11 

2 10 1 6 
0 5 11 4 
15 9 7 3 
13 14 12 8 

6 2 3 4 
11 5 8 12 
13 9 14 7 
0 10 1 15 

6 5 2 3 
9 1 4 7 
13 15 12 0 
11 10 14 8 

5 1 3 0 
9 13 2 4 
14 6 8 15 
10 12 11 7 

1 15 10 3 
6 5 7 4 
13 2 9 8 
14 11 0 12 

6 5 10 7 
3 1 2 4 
9 0 11 8 
13 14 15 12 

1 9 2 7 
6 10 4 3 
5 13 8 0 
14 15 12 11 

9 2 1 3 
13 7 6 4 
11 0 14 12 
5 10 8 15 

1 3 6 4 
5 2 8 13 
9 14 15 11 
10 7 0 12 

5 6 2 0 
9 1 4 11 
14 13 8 7 
10 15 12 3 

1 0 8 3 
5 9 7 2 
13 15 6 4 
14 11 12 10 

5 1 3 7 
2 9 0 10 
4 6 15 8 
13 14 12 11 

6 1 2 3 
11 9 0 4 
14 13 7 8 
10 5 15 12 

2 5 3 6 
9 7 1 4 
11 0 15 8 
13 10 14 12 

5 1 3 4 
13 10 8 2 
9 6 12 0 
11 15 7 14 

1 0 15 8 
6 2 4 3 
5 9 12 7 
13 14 11 10 

5 3 7 6 
0 1 2 4 
9 13 12 8 
14 15 11 10 

6 5 1 7 
0 9 11 3 
2 14 4 8 
13 10 15 12 

6 7 2 3 
5 14 0 4 
10 11 8 12 
9 13 1 15 

1 2 3 4 
5 6 0 8 
13 14 15 10 
9 7 12 11 

6 1 2 3 
5 9 4 11 
13 0 7 10 
14 15 8 12 

1 9 8 0 
5 2 3 6 
13 12 10 4 
14 15 11 7 

2 5 6 11 
7 1 4 3 
13 9 15 8 
0 10 14 12 

10 1 2 11 
6 9 3 7 
5 0 13 4 
14 15 12 8 

6 5 2 3 
13 7 1 4 
14 11 8 12 
10 9 0 15 

5 1 3 4 
9 8 2 13 
6 0 7 15 
10 14 12 11 
